percurso em profundidade
vlr (pré-ordem)
20
10
8
6
9
15
14
18
30
25
33


lvr (in-ordem)
6
8
9
10
14
15
18
20
25
30
33


lrv (pos-ordem)
6
9
8
14
18
15
10
25
33
30
20
----------------------------------------------------------------------------------------
percurso em extensao
atual --/20/10/30/8/15/25/33/6/9/14/18
a visitar 20 / 10 30 / 8 15 / 25 33 / 6 9 / 14 18 /--/--/--/--/--/--
20
10
30
8
15
25
33
6
9
14
18
-----------------------------------------------------
exemplo aula
in ordem (lvr)
30
42
50
65
70
80
100
105
107
140
200
350
400
